Starting Dynare (version 5.3).
Calling Dynare with arguments: none
Starting preprocessing of the model file ...
Substitution of endo lags >= 2: added 1 auxiliary variables and equations.
Found 41 equation(s).
Evaluating expressions...done
Computing static model derivatives (order 1).
Computing dynamic model derivatives (order 2).
Processing outputs ...
done
Preprocessing completed.


MODEL SUMMARY

  Number of variables:         41
  Number of stochastic shocks: 3
  Number of state variables:   23
  Number of jumpers:           8
  Number of static variables:  14


MATRIX OF COVARIANCE OF EXOGENOUS SHOCKS
Variables       eps_A     eps_D     eps_v
eps_A        2.250000  0.000000  0.000000
eps_D        0.000000  6.250000  0.000000
eps_v        0.000000  0.000000  0.062500

POLICY AND TRANSITION FUNCTIONS
                                   q               c               i              mu               d               r          deltac          deltap         deltapC               b               p              pC              pD         deltapD              lC              lD              wC              wD              cB         deltacB              iB             muB              dB             lCB             lDB              rL              bB              aC             xiD               v           lCtot           lDtot               y           ystar              yC              yD          yCstar          yDstar           dstar         deltabB
c(-1)                      -0.057738        0.758859       -0.344580        0.040059       -0.008615               0       -0.241141        0.002513        0.029200        0.227368        0.002513        0.029200       -0.028538       -0.028538        0.494845       -0.115890        0.289140       -0.321595       -0.011806       -0.011806        0.044357       -0.050078        0.001109        0.348167       -0.262567       -0.003415       -0.227368               0               0               0        0.402012       -0.188066        0.343004               0        0.402012       -0.188066               0               0               0       -0.198168
d(-1)                      -0.063566        0.012184       -0.856982       -0.383169        0.953575               0        0.012184       -0.028553        0.000828       -0.012621       -0.028553        0.000828       -0.062739       -0.062739       -0.058212       -0.569168        0.002710       -0.508246       -0.010199       -0.010199        0.050359       -0.134938        0.001259        0.053706       -0.457250        0.001499        0.012621               0               0               0        0.001820       -0.491855       -0.047548               0        0.001820       -0.491855               0               0               0        0.013449
r(-1)                      -0.142176       -0.281460       -1.463743       -0.155038       -0.036594        0.700000       -0.281460       -0.336787       -0.271073       -0.999621       -0.336787       -0.271073       -0.413250       -0.413250       -0.874201       -3.119780       -2.281501       -4.527080       -0.465682       -0.465682       -4.129277        0.337710       -0.103232        0.046911       -2.198669        0.724901        0.999621               0               0               0       -0.366762       -2.536392       -0.583725               0       -0.366762       -2.536392               0               0               0        0.728548
p(-1)                              0               0               0               0               0               0               0               0               0               0        1.000000               0               0               0               0               0               0               0               0               0               0               0               0               0               0               0               0               0               0               0               0               0               0               0               0               0               0               0               0               0
pC(-1)                     -0.726591       -0.005134        1.326177       -0.024382        0.033154               0       -0.005134        0.124899       -0.001470        0.071808        0.124899        0.998530        0.271939        0.271939        0.007772        1.421172       -0.017896        1.395505       -0.000998       -0.000998        1.416136       -0.042992        0.035403       -0.012906        1.400495        0.012388       -0.071808               0               0               0       -0.003219        1.362378        0.133341               0       -0.003219        1.362378               0               0               0       -0.073278
pD(-1)                      0.726591        0.005134       -1.326177        0.024382       -0.033154               0        0.005134       -0.124899        0.001470       -0.071808       -0.124899        0.001470        0.728061       -0.271939       -0.007772       -1.421172        0.017896       -1.395505        0.000998        0.000998       -1.416136        0.042992       -0.035403        0.012906       -1.400495       -0.012388        0.071808               0               0               0        0.003219       -1.362378       -0.133341               0        0.003219       -1.362378               0               0               0        0.073278
cB(-1)                     -0.049821       -0.018473       -0.027649       -0.036328       -0.000691               0       -0.018473       -0.011601        0.011426       -0.034041       -0.011601        0.011426       -0.038395       -0.038395        0.262653       -0.295991        0.170291       -0.388353        0.749409       -0.250591       -0.462562        0.063277       -0.011564        0.423247       -0.135397        0.001909        0.034041               0               0               0        0.337086       -0.202664        0.283111               0        0.337086       -0.202664               0               0               0        0.045466
dB(-1)                     -0.044637       -0.006774       -0.007954       -0.085164       -0.000199               0       -0.006774       -0.005815        0.014816        0.006744       -0.005815        0.014816       -0.029821       -0.029821        0.126798       -0.198807        0.092929       -0.232676        0.035517        0.035517       -0.738123       -0.389419        0.956547       -0.084654       -0.410260       -0.018373       -0.006744               0               0               0        0.012808       -0.301784       -0.018651               0        0.012808       -0.301784               0               0               0        0.008072
rL(-1)                     -0.001062        0.016588        0.297317       -0.065660        0.007433               0        0.016588       -0.016289       -0.015798       -0.994132       -0.016289       -0.015798       -0.016860       -0.016860       -0.183195       -0.231493       -0.100254       -0.148552       -0.046737       -0.046737       -0.589122        0.100716       -0.014728        0.133431        0.085133        0.020198        0.994132               0               0               0       -0.012734       -0.059398       -0.017400               0       -0.012734       -0.059398               0               0               0        0.978334
bB(-1)                     -0.001062        0.016588        0.297317       -0.065660        0.007433               0        0.016588       -0.016289       -0.015798       -0.994132       -0.016289       -0.015798       -0.016860       -0.016860       -0.183195       -0.231493       -0.100254       -0.148552       -0.046737       -0.046737       -0.589122        0.100716       -0.014728        0.133431        0.085133        0.020198        0.994132               0               0               0       -0.012734       -0.059398       -0.017400               0       -0.012734       -0.059398               0               0               0       -0.021666
aC(-1)                      0.328507        0.178890        1.061600        0.004277        0.026540               0        0.178890        0.050354       -0.101482       -0.343211        0.050354       -0.101482        0.227025        0.227025       -0.746742        1.326111        0.147706        2.220559        0.204936        0.204936        1.439556       -0.070993        0.035989       -0.876974        1.195878       -0.000426        0.343211        0.980000               0               0       -0.789050        1.213695        0.293225        0.294000        0.190950        1.213695        0.326667               0               0        0.241729
xiD(-1)                     0.081616       -0.004407        0.496046        0.362290        0.012401               0       -0.004407        0.041516        0.003793        0.016586        0.041516        0.003793        0.085409        0.085409        0.044259        0.730373        0.022223        0.708337        0.011023        0.011023        0.917501        0.354192        0.022938       -0.032890        0.653224       -0.002423       -0.016586               0        0.950000               0        0.002737        0.665645        0.069028        0.024879        0.002737        0.665645               0        0.248790        0.006220       -0.012792
v(-1)                       0.086165       -0.296875       -8.810062        1.050229       -0.220252               0       -0.296875        0.547278        0.507452       -0.332654        0.547278        0.507452        0.593617        0.593617        4.920637        6.958935        3.436263        5.474560        1.355409        1.355409       19.140272       -1.912159        0.478507       -3.340784       -1.302487       -0.954640        0.332654               0               0        0.950000        0.468196        2.437554        0.665131               0        0.468196        2.437554               0               0               0        0.840106
y(-1)                      -0.007617       -0.015078       -0.078415       -0.008306       -0.001960        0.037500       -0.015078       -0.018042       -0.014522       -0.053551       -0.018042       -0.014522       -0.022138       -0.022138       -0.046832       -0.167131       -0.122223       -0.242522       -0.024947       -0.024947       -0.221211        0.018092       -0.005530        0.002513       -0.117786        0.038834        0.053551               0               0               0       -0.019648       -0.135878       -0.031271               0       -0.019648       -0.135878               0               0               0        0.039029
ystar(-1)                   0.007617        0.015078        0.078415        0.008306        0.001960       -0.037500        0.015078        0.018042        0.014522        0.053551        0.018042        0.014522        0.022138        0.022138        0.046832        0.167131        0.122223        0.242522        0.024947        0.024947        0.221211       -0.018092        0.005530       -0.002513        0.117786       -0.038834       -0.053551               0               0               0        0.019648        0.135878        0.031271               0        0.019648        0.135878               0               0               0       -0.039029
yCstar(-1)                  0.015477        0.020510        0.125054        0.013148        0.003126               0        0.020510        0.036304        0.029150        0.083591        0.036304        0.029150        0.044627        0.044627        0.074252        0.276162        0.176804        0.378714        0.037269        0.037269        0.369323       -0.032014        0.009233       -0.009539        0.192371       -0.002166       -0.083591               0               0               0        0.028270        0.223351        0.047778        0.600000        0.028270        0.223351        0.666667               0               0       -0.054440
yDstar(-1)                  0.000296        0.000418        0.002652        0.000251        0.000066               0        0.000418        0.000650        0.000513        0.001622        0.000650        0.000513        0.000809        0.000809        0.001430        0.005504        0.003519        0.007593        0.000733        0.000733        0.007244       -0.000592        0.000181       -0.000147        0.003928       -0.000042       -0.001622               0               0               0        0.000564        0.004500        0.000957        0.026530        0.000564        0.004500               0        0.265300        0.006633       -0.001109
dstar(-1)                  -0.004366       -0.005861       -0.033162       -0.004063       -0.000829               0       -0.005861       -0.011712       -0.009695       -0.025209       -0.011712       -0.009695       -0.014061       -0.014061       -0.022296       -0.078953       -0.051602       -0.108259       -0.010991       -0.010991       -0.107252        0.010001       -0.002681        0.003351       -0.053306        0.000645        0.025209               0               0               0       -0.008236       -0.062977       -0.013710       -0.034490       -0.008236       -0.062977               0       -0.344897        0.966378        0.015515
i(-1)                       0.021204       -0.000996        0.631894       -0.008750        0.015797               0       -0.000996        0.009908        0.000107        0.026822        0.009908        0.000107        0.021311        0.021311        0.005499        0.352408        0.000516        0.347426        0.001067        0.001067       -0.105551        0.002909       -0.002639       -0.004821        0.342089       -0.000908       -0.026822               0               0               0       -0.000041        0.335135        0.033477               0       -0.000041        0.335135               0               0               0       -0.026715
deltapC(-1)                -0.666926       -0.256568       -0.497403       -0.182149       -0.012435        0.390000       -0.256568        0.143448        0.451701       -0.144204        0.143448        0.451701       -0.215225       -0.215225       -0.835553       -2.081287       -2.118392       -3.364127       -0.436718       -0.436718       -3.097167        0.320185       -0.077429        0.065198       -1.180536        0.407771        0.144204               0               0               0       -0.339984       -1.543586       -0.460344               0       -0.339984       -1.543586               0               0               0        0.595905
deltapD(-1)                 0.443855        0.010377       -1.197907        0.054045       -0.029948               0        0.010377        0.209324        0.004174       -0.043201        0.209324        0.004174        0.448029        0.448029       -0.019420       -1.328059        0.032465       -1.276174        0.000845        0.000845       -1.348271        0.090649       -0.033707        0.028241       -1.280399       -0.007339        0.043201               0               0               0        0.005963       -1.258416       -0.120475               0        0.005963       -1.258416               0               0               0        0.047375
iB(-1)                      0.014087       -0.000281       -0.086535        0.002389       -0.002163               0       -0.000281        0.006269       -0.000242       -0.005311        0.006269       -0.000242        0.013845        0.013845       -0.000034        0.231424       -0.001439        0.230019       -0.000200       -0.000200        0.683620       -0.013069        0.017090       -0.000440        0.231018       -0.000517        0.005311               0               0               0       -0.000243        0.223386        0.022120               0       -0.000243        0.223386               0               0               0        0.005069
eps_A                       0.335211        0.182540        1.083265        0.004364        0.027082               0        0.182540        0.051382       -0.103553       -0.350215        0.051382       -0.103553        0.231658        0.231658       -0.761981        1.353174        0.150721        2.265876        0.209118        0.209118        1.468935       -0.072442        0.036723       -0.894872        1.220284       -0.000434        0.350215        1.000000               0               0       -0.805153        1.238464        0.299209        0.300000        0.194847        1.238464        0.333333               0               0        0.246662
eps_D                       0.085912       -0.004639        0.522154        0.381357        0.013054               0       -0.004639        0.043701        0.003993        0.017459        0.043701        0.003993        0.089905        0.089905        0.046589        0.768814        0.023393        0.745618        0.011603        0.011603        0.965790        0.372834        0.024145       -0.034621        0.687604       -0.002550       -0.017459               0        1.000000               0        0.002881        0.700679        0.072661        0.026188        0.002881        0.700679               0        0.261880        0.006547       -0.013466
eps_v                       0.090700       -0.312500       -9.273749        1.105504       -0.231844               0       -0.312500        0.576082        0.534160       -0.350162        0.576082        0.534160        0.624860        0.624860        5.179618        7.325194        3.617119        5.762695        1.426747        1.426747       20.147655       -2.012799        0.503691       -3.516615       -1.371039       -1.004885        0.350162               0               0        1.000000        0.492837        2.565846        0.700138               0        0.492837        2.565846               0               0               0        0.884322


THEORETICAL MOMENTS
VARIABLE         MEAN  STD. DEV.   VARIANCE
q              0.0000     7.8374    61.4254
c              0.0000     7.2587    52.6886
i              0.0000    17.9171   321.0209
mu             0.0000     2.9592     8.7568
d              0.0000     3.5843    12.8475
r              0.0000     0.7143     0.5103
deltac         0.0000     0.5877     0.3453
deltap         0.0000     0.6452     0.4163
deltapC        0.0000     0.6177     0.3816
b              0.0000    20.9717   439.8127
p                 NaN        NaN        NaN
pC                NaN        NaN        NaN
pD                NaN        NaN        NaN
deltapD        0.0000     1.1092     1.2303
lC             0.0000     3.1317     9.8075
lD             0.0000     5.8685    34.4394
wC             0.0000     7.4168    55.0095
wD             0.0000     9.7359    94.7870
cB             0.0000     7.7452    59.9887
deltacB        0.0000     0.7416     0.5500
iB             0.0000    26.1993   686.4041
muB            0.0000     3.2280    10.4198
dB             0.0000     5.3521    28.6451
lCB            0.0000     2.7974     7.8254
lDB            0.0000     5.3508    28.6316
rL             0.0000     0.6823     0.4655
bB             0.0000    20.9717   439.8127
aC             0.0000     7.5378    56.8182
xiD            0.0000     8.0064    64.1026
v              0.0000     0.8006     0.6410
lCtot          0.0000     1.7453     3.0462
lDtot          0.0000     4.9115    24.1224
y              0.0000     6.5414    42.7905
ystar          0.0000     6.6303    43.9603
yC             0.0000     7.2621    52.7375
yD             0.0000     4.9115    24.1224
yCstar         0.0000     7.3618    54.1959
yDstar         0.0000     2.4820     6.1602
dstar          0.0000     1.2629     1.5948
deltabB        0.0000     1.8537     3.4363



VARIANCE DECOMPOSITION (in percent)
            eps_A   eps_D   eps_v
q           89.91    9.67    0.42
c           94.75    0.06    5.19
i            3.57    3.02   93.41
mu           0.05   84.72   15.23
d            0.46   10.67   88.87
r           58.79    0.50   40.70
deltac      80.39    0.22   19.39
deltap      49.95   14.82   35.24
deltapC     56.05    0.38   43.57
b            9.56    1.27   89.17
deltapD     67.38   21.37   11.25
lC          26.31    0.73   72.96
lD          34.13   43.84   22.04
wC          97.54    0.01    2.45
wD          81.43   14.68    3.89
cB          93.27    0.07    6.66
deltacB     62.85    0.29   36.86
iB           2.37    6.42   91.21
muB          1.63   61.98   36.40
dB           2.04   15.22   82.74
lCB         48.97    0.60   50.43
lDB         36.91   42.89   20.20
rL          73.25    0.03   26.72
bB           9.56    1.27   89.17
aC         100.00    0.00    0.00
xiD          0.00  100.00    0.00
v            0.00    0.00  100.00
lCtot       97.25    0.01    2.74
lDtot       42.71   52.35    4.94
y           99.45    0.31    0.24
ystar       99.86    0.14    0.00
yC          99.84    0.00    0.16
yD          42.71   52.35    4.94
yCstar     100.00    0.00    0.00
yDstar       0.00  100.00    0.00
dstar        0.00  100.00    0.00
deltabB     11.25    1.50   87.25



MATRIX OF CORRELATIONS
Variables          q        c        i       mu        d        r   deltac   deltap  deltapC        b  deltapD       lC       lD       wC       wD       cB  deltacB       iB      muB       dB      lCB      lDB       rL       bB       aC      xiD        v    lCtot    lDtot        y    ystar       yC       yD   yCstar   yDstar    dstar  deltabB
q             1.0000   0.8993   0.0267   0.2663   0.0607  -0.7325   0.2186  -0.5300  -0.6222  -0.3043  -0.2638  -0.0498   0.1824   0.9284   0.8333   0.8835   0.1902   0.0530   0.1540   0.1757  -0.1864   0.1318  -0.8018   0.3043   0.9306   0.2940  -0.0302  -0.1950   0.1720   0.9312   0.9387   0.9190   0.1720   0.9280   0.3025   0.1678  -0.2064
c             0.8993   1.0000   0.1121  -0.0874   0.1664  -0.8291   0.0405  -0.6873  -0.6634  -0.2762  -0.4351  -0.0930  -0.0530   0.9522   0.7234   0.8829   0.0353  -0.1222   0.0147  -0.0658   0.0426   0.0186  -0.7497   0.2762   0.9463  -0.0163  -0.1234  -0.0393  -0.0179   0.9706   0.9699   0.9728  -0.0179   0.9713  -0.0191  -0.0001  -0.4039
i             0.0267   0.1121   1.0000  -0.2148   0.2600  -0.4144   0.3527  -0.3365  -0.5457  -0.2212  -0.0698  -0.7136  -0.1043  -0.0798   0.1059  -0.2108  -0.1175  -0.8933   0.5178  -0.2219   0.4968   0.5630   0.1765   0.2212  -0.0053   0.0872  -0.3798  -0.1598   0.2625  -0.0242  -0.0198  -0.0439   0.2625  -0.0225   0.0729   0.0841  -0.7413
mu            0.2663  -0.0874  -0.2148   1.0000  -0.1633   0.2422  -0.0704   0.3304   0.2489   0.0236   0.2545   0.3487   0.6723   0.0394   0.3231   0.1273   0.0718   0.4813   0.4868   0.4945  -0.3242   0.3637  -0.0854  -0.0236   0.0130   0.8979   0.1583   0.0103   0.5649   0.0584   0.0465   0.0160   0.5649   0.0123   0.9155   0.4358   0.3846
d             0.0607   0.1664   0.2600  -0.1633   1.0000  -0.4687  -0.0777  -0.2796  -0.3057   0.4246  -0.1538  -0.3723  -0.0673  -0.0190   0.0647  -0.2194   0.2032  -0.1959   0.4874  -0.7706   0.3416   0.3227   0.1105  -0.4246  -0.0149   0.1477  -0.6436  -0.0148   0.1464  -0.0081  -0.0183  -0.0191   0.1464  -0.0220   0.0985   0.3019  -0.6046
r            -0.7325  -0.8291  -0.4144   0.2422  -0.4687   1.0000  -0.2557   0.7499   0.8005   0.0625   0.4251   0.4004   0.1806  -0.7234  -0.5710  -0.5397  -0.2029   0.4276  -0.1971   0.3872  -0.2083  -0.1452   0.5808  -0.0625  -0.7198   0.0559   0.4562   0.1482   0.0145  -0.7098  -0.7192  -0.7115   0.0145  -0.7220   0.0619   0.0166   0.7359
deltac        0.2186   0.0405   0.3527  -0.0704  -0.0777  -0.2557   1.0000  -0.0228  -0.6326  -0.2189   0.3812  -0.6903   0.1910   0.0651   0.3868   0.0092   0.5314  -0.2064   0.0310   0.1391  -0.4164   0.3958  -0.1158   0.2189   0.2338  -0.0101  -0.0762  -0.9004   0.3258   0.0507   0.0893   0.0262   0.3258   0.0898  -0.0119   0.0110   0.0069
deltap       -0.5300  -0.6873  -0.3365   0.3304  -0.2796   0.7499  -0.0228   1.0000   0.6154   0.1430   0.8597   0.3583   0.6288  -0.5286  -0.1390  -0.4444   0.3348   0.5522  -0.1305   0.2194  -0.5262   0.2048   0.2798  -0.1430  -0.5321   0.1291   0.4302  -0.1500   0.4519  -0.5539  -0.5827  -0.5883   0.4519  -0.5884   0.1401  -0.0488   0.6391
deltapC      -0.6222  -0.6634  -0.5457   0.2489  -0.3057   0.8005  -0.6326   0.6154   1.0000   0.1728   0.1265   0.7578   0.0650  -0.5298  -0.6081  -0.4090  -0.1902   0.4627  -0.2138   0.2275  -0.0705  -0.4090   0.3015  -0.1728  -0.6649   0.0487   0.4582   0.5497  -0.1964  -0.5723  -0.6009  -0.5580  -0.1964  -0.6034   0.0536   0.0071   0.5157
b            -0.3043  -0.2762  -0.2212   0.0236   0.4246   0.0625  -0.2189   0.1430   0.1728   1.0000   0.0680   0.0987   0.0136  -0.2980  -0.2506  -0.3204   0.1291   0.2112  -0.0647  -0.5154  -0.0400  -0.0638   0.4136  -1.0000  -0.3059  -0.0749  -0.6921   0.0460  -0.0288  -0.3083  -0.3098  -0.3064  -0.0288  -0.3076  -0.0629  -0.1065   0.0237
deltapD      -0.2638  -0.4351  -0.0698   0.2545  -0.1538   0.4251   0.3812   0.8597   0.1265   0.0680   1.0000  -0.0401   0.7492  -0.3220   0.2192  -0.2942   0.5446   0.3951  -0.0257   0.1287  -0.6166   0.5228   0.1567  -0.0680  -0.2388   0.1310   0.2445  -0.5449   0.6960  -0.3263  -0.3439  -0.3788   0.6960  -0.3495   0.1416  -0.0660   0.4701
lC           -0.0498  -0.0930  -0.7136   0.3487  -0.3723   0.4004  -0.6903   0.3583   0.7578   0.0987  -0.0401   1.0000   0.1691   0.1124  -0.1341   0.2267  -0.0737   0.6270  -0.3818   0.3504  -0.2516  -0.5313  -0.2750  -0.0987  -0.0777   0.0573   0.5027   0.5936  -0.2099   0.0462   0.0142   0.0620  -0.2099   0.0117   0.0650  -0.0078   0.4953
lD            0.1824  -0.0530  -0.1043   0.6723  -0.0673   0.1806   0.1910   0.6288   0.0650   0.0136   0.7492   0.1691   1.0000   0.0801   0.6094   0.1042   0.5495   0.5269   0.2369   0.2712  -0.6588   0.6533  -0.1885  -0.0136   0.1176   0.5615   0.2427  -0.4121   0.9038   0.0908   0.0570   0.0230   0.9038   0.0358   0.5670   0.2188   0.4007
wC            0.9284   0.9522  -0.0798   0.0394  -0.0190  -0.7234   0.0651  -0.5286  -0.5298  -0.2980  -0.3220   0.1124   0.0801   1.0000   0.7739   0.9627   0.1719   0.0797  -0.1370   0.1276  -0.1965  -0.0807  -0.8866   0.2980   0.9674   0.0050   0.0673  -0.0732  -0.0028   0.9855   0.9835   0.9865  -0.0028   0.9840   0.0049   0.0001  -0.1840
wD            0.8333   0.7234   0.1059   0.3231   0.0647  -0.5710   0.3868  -0.1390  -0.6081  -0.2506   0.2192  -0.1341   0.6094   0.7739   1.0000   0.7233   0.4858   0.1767   0.1613   0.1480  -0.4659   0.5032  -0.7006   0.2506   0.8328   0.3238   0.0359  -0.4950   0.6102   0.7906   0.7791   0.7454   0.6102   0.7674   0.3246   0.1345  -0.0580
cB            0.8835   0.8829  -0.2108   0.1273  -0.2194  -0.5397   0.0092  -0.4444  -0.4090  -0.3204  -0.2942   0.2267   0.1042   0.9627   0.7233   1.0000   0.0479   0.1984  -0.2354   0.3151  -0.2669  -0.1580  -0.8222   0.3204   0.9416   0.0194   0.1718  -0.0400  -0.0336   0.9644   0.9645   0.9677  -0.0336   0.9644   0.0223   0.0008   0.0239
deltacB       0.1902   0.0353  -0.1175   0.0718   0.2032  -0.2029   0.5314   0.3348  -0.1902   0.1291   0.5446  -0.0737   0.5495   0.1719   0.4858   0.0479   1.0000   0.3247  -0.1162  -0.1316  -0.7373   0.2603  -0.4202  -0.1291   0.1967   0.0101   0.0897  -0.6722   0.4409   0.0756   0.0683   0.0426   0.4409   0.0680   0.0098  -0.0107   0.1493
iB            0.0530  -0.1222  -0.8933   0.4813  -0.1959   0.4276  -0.2064   0.5522   0.4627   0.2112   0.3951   0.6270   0.5269   0.0797   0.1767   0.1984   0.3247   1.0000  -0.2829   0.2629  -0.6824  -0.1458  -0.1871  -0.2112   0.0461   0.1976   0.3848  -0.0641   0.1993   0.0473   0.0300   0.0324   0.1993   0.0220   0.2127   0.0347   0.7939
muB           0.1540   0.0147   0.5178   0.4868   0.4874  -0.1971   0.0310  -0.1305  -0.2138  -0.0647  -0.0257  -0.3818   0.2369  -0.1370   0.1613  -0.2354  -0.1162  -0.2829   1.0000  -0.1837   0.4119   0.6986   0.2013   0.0647  -0.1127   0.7771  -0.3191   0.0360   0.5215  -0.0691  -0.0765  -0.1084   0.5215  -0.1059   0.7813   0.4164  -0.4577
dB            0.1757  -0.0658  -0.2219   0.4945  -0.7706   0.3872   0.1391   0.2194   0.2275  -0.5154   0.1287   0.3504   0.2712   0.1276   0.1480   0.3151  -0.1316   0.2629  -0.1837   1.0000  -0.3945  -0.1139  -0.2243   0.5154   0.1267   0.3278   0.6385  -0.0468   0.0805   0.1262   0.1369   0.1203   0.0805   0.1258   0.2987   0.3573   0.5923
lCB          -0.1864   0.0426   0.4968  -0.3242   0.3416  -0.2083  -0.4164  -0.5262  -0.0705  -0.0400  -0.6166  -0.2516  -0.6588  -0.1965  -0.4659  -0.2669  -0.7373  -0.6824   0.4119  -0.3945   1.0000  -0.0525   0.3715   0.0400  -0.2507  -0.0512  -0.3922   0.6296  -0.3819  -0.1375  -0.1353  -0.1090  -0.3819  -0.1332  -0.0591   0.0094  -0.7124
lDB           0.1318   0.0186   0.5630   0.3637   0.3227  -0.1452   0.3958   0.2048  -0.4090  -0.0638   0.5228  -0.5313   0.6533  -0.0807   0.5032  -0.1580   0.2603  -0.1458   0.6986  -0.1139  -0.0525   1.0000   0.1484   0.0638   0.0433   0.5555  -0.2331  -0.4702   0.9144   0.0007  -0.0165  -0.0681   0.9144  -0.0372   0.5529   0.2494  -0.2229
rL           -0.8018  -0.7497   0.1765  -0.0854   0.1105   0.5808  -0.1158   0.2798   0.3015   0.4136   0.1567  -0.2750  -0.1885  -0.8866  -0.7006  -0.8222  -0.4202  -0.1871   0.2013  -0.2243   0.3715   0.1484   1.0000  -0.4136  -0.7993  -0.0144  -0.3636   0.0881  -0.0169  -0.8090  -0.7997  -0.8084  -0.0169  -0.7998  -0.0129  -0.0118   0.0718
bB            0.3043   0.2762   0.2212  -0.0236  -0.4246  -0.0625   0.2189  -0.1430  -0.1728  -1.0000  -0.0680  -0.0987  -0.0136   0.2980   0.2506   0.3204  -0.1291  -0.2112   0.0647   0.5154   0.0400   0.0638  -0.4136   1.0000   0.3059   0.0749   0.6921  -0.0460   0.0288   0.3083   0.3098   0.3064   0.0288   0.3076   0.0629   0.1065  -0.0237
aC            0.9306   0.9463  -0.0053   0.0130  -0.0149  -0.7198   0.2338  -0.5321  -0.6649  -0.3059  -0.2388  -0.0777   0.1176   0.9674   0.8328   0.9416   0.1967   0.0461  -0.1127   0.1267  -0.2507   0.0433  -0.7993   0.3059   1.0000   0.0000   0.0000  -0.2709   0.0873   0.9786   0.9838   0.9729   0.0873   0.9845   0.0000   0.0000  -0.1524
xiD           0.2940  -0.0163   0.0872   0.8979   0.1477   0.0559  -0.0101   0.1291   0.0487  -0.0749   0.1310   0.0573   0.5615   0.0050   0.3238   0.0194   0.0101   0.1976   0.7771   0.3278  -0.0512   0.5555  -0.0144   0.0749   0.0000   1.0000   0.0000   0.0034   0.6141   0.0469   0.0368   0.0008   0.6141   0.0000   0.9834   0.6552   0.0586
v            -0.0302  -0.1234  -0.3798   0.1583  -0.6436   0.4562  -0.0762   0.4302   0.4582  -0.6921   0.2445   0.5027   0.2427   0.0673   0.0359   0.1718   0.0897   0.3848  -0.3191   0.6385  -0.3922  -0.2331  -0.3636   0.6921   0.0000   0.0000   1.0000   0.0774  -0.0020   0.0184   0.0000   0.0186  -0.0020   0.0000   0.0000   0.0000   0.5442
lCtot        -0.1950  -0.0393  -0.1598   0.0103  -0.0148   0.1482  -0.9004  -0.1500   0.5497   0.0460  -0.5449   0.5936  -0.4121  -0.0732  -0.4950  -0.0400  -0.6722  -0.0641   0.0360  -0.0468   0.6296  -0.4702   0.0881  -0.0460  -0.2709   0.0034   0.0774   1.0000  -0.4860  -0.0773  -0.1011  -0.0408  -0.4860  -0.1013   0.0030   0.0015  -0.1948
lDtot         0.1720  -0.0179   0.2625   0.5649   0.1464   0.0145   0.3258   0.4519  -0.1964  -0.0288   0.6960  -0.2099   0.9038  -0.0028   0.6102  -0.0336   0.4409   0.1993   0.5215   0.0805  -0.3819   0.9144  -0.0169   0.0288   0.0873   0.6141  -0.0020  -0.4860   1.0000   0.0489   0.0212  -0.0262   1.0000  -0.0019   0.6156   0.2579   0.0882
y             0.9312   0.9706  -0.0242   0.0584  -0.0081  -0.7098   0.0507  -0.5539  -0.5723  -0.3083  -0.3263   0.0462   0.0908   0.9855   0.7906   0.9644   0.0756   0.0473  -0.0691   0.1262  -0.1375   0.0007  -0.8090   0.3083   0.9786   0.0469   0.0184  -0.0773   0.0489   1.0000   0.9976   0.9972   0.0489   0.9966   0.0470   0.0197  -0.1982
ystar         0.9387   0.9699  -0.0198   0.0465  -0.0183  -0.7192   0.0893  -0.5827  -0.6009  -0.3098  -0.3439   0.0142   0.0570   0.9835   0.7791   0.9645   0.0683   0.0300  -0.0765   0.1369  -0.1353  -0.0165  -0.7997   0.3098   0.9838   0.0368   0.0000  -0.1011   0.0212   0.9976   1.0000   0.9969   0.0212   0.9993   0.0374   0.0197  -0.1957
yC            0.9190   0.9728  -0.0439   0.0160  -0.0191  -0.7115   0.0262  -0.5883  -0.5580  -0.3064  -0.3788   0.0620   0.0230   0.9865   0.7454   0.9677   0.0426   0.0324  -0.1084   0.1203  -0.1090  -0.0681  -0.8084   0.3064   0.9729   0.0008   0.0186  -0.0408  -0.0262   0.9972   0.9969   1.0000  -0.0262   0.9976   0.0007   0.0004  -0.2050
yD            0.1720  -0.0179   0.2625   0.5649   0.1464   0.0145   0.3258   0.4519  -0.1964  -0.0288   0.6960  -0.2099   0.9038  -0.0028   0.6102  -0.0336   0.4409   0.1993   0.5215   0.0805  -0.3819   0.9144  -0.0169   0.0288   0.0873   0.6141  -0.0020  -0.4860   1.0000   0.0489   0.0212  -0.0262   1.0000  -0.0019   0.6156   0.2579   0.0882
yCstar        0.9280   0.9713  -0.0225   0.0123  -0.0220  -0.7220   0.0898  -0.5884  -0.6034  -0.3076  -0.3495   0.0117   0.0358   0.9840   0.7674   0.9644   0.0680   0.0220  -0.1059   0.1258  -0.1332  -0.0372  -0.7998   0.3076   0.9845   0.0000   0.0000  -0.1013  -0.0019   0.9966   0.9993   0.9976  -0.0019   1.0000   0.0000   0.0000  -0.1985
yDstar        0.3025  -0.0191   0.0729   0.9155   0.0985   0.0619  -0.0119   0.1401   0.0536  -0.0629   0.1416   0.0650   0.5670   0.0049   0.3246   0.0223   0.0098   0.2127   0.7813   0.2987  -0.0591   0.5529  -0.0129   0.0629   0.0000   0.9834   0.0000   0.0030   0.6156   0.0470   0.0374   0.0007   0.6156   0.0000   1.0000   0.5270   0.0718
dstar         0.1678  -0.0001   0.0841   0.4358   0.3019   0.0166   0.0110  -0.0488   0.0071  -0.1065  -0.0660  -0.0078   0.2188   0.0001   0.1345   0.0008  -0.0107   0.0347   0.4164   0.3573   0.0094   0.2494  -0.0118   0.1065   0.0000   0.6552   0.0000   0.0015   0.2579   0.0197   0.0197   0.0004   0.2579   0.0000   0.5270   1.0000   0.0002
deltabB      -0.2064  -0.4039  -0.7413   0.3846  -0.6046   0.7359   0.0069   0.6391   0.5157   0.0237   0.4701   0.4953   0.4007  -0.1840  -0.0580   0.0239   0.1493   0.7939  -0.4577   0.5923  -0.7124  -0.2229   0.0718  -0.0237  -0.1524   0.0586   0.5442  -0.1948   0.0882  -0.1982  -0.1957  -0.2050   0.0882  -0.1985   0.0718   0.0002   1.0000



COEFFICIENTS OF AUTOCORRELATION
Order            1        2        3        4        5
q           0.9883   0.9578   0.9176   0.8765   0.8403
c           0.9967   0.9878   0.9744   0.9577   0.9390
i           0.9552   0.8503   0.7148   0.5711   0.4327
mu          0.9414   0.8841   0.8280   0.7730   0.7195
d           0.9923   0.9700   0.9346   0.8884   0.8336
r           0.9765   0.9168   0.8380   0.7553   0.6789
deltac      0.8600   0.6853   0.4969   0.3203   0.1736
deltap      0.9102   0.7330   0.5565   0.4317   0.3690
deltapC     0.9244   0.7880   0.6486   0.5351   0.4554
b           0.9970   0.9886   0.9756   0.9589   0.9392
deltapD     0.8367   0.5132   0.1978  -0.0086  -0.0837
lC          0.8249   0.6612   0.5195   0.4040   0.3137
lD          0.7666   0.4328   0.1776   0.0624   0.0648
wC          0.9851   0.9627   0.9377   0.9131   0.8903
wD          0.8827   0.7225   0.5996   0.5412   0.5365
cB          0.9954   0.9841   0.9680   0.9488   0.9279
deltacB     0.7393   0.5157   0.3335   0.1941   0.0941
iB          0.9548   0.8597   0.7407   0.6120   0.4808
muB         0.9426   0.8850   0.8273   0.7699   0.7131
dB          0.9926   0.9713   0.9373   0.8925   0.8389
lCB         0.8113   0.6556   0.5294   0.4288   0.3493
lDB         0.8113   0.4968   0.2322   0.0934   0.0740
rL          0.9007   0.7885   0.6905   0.6175   0.5699
bB          0.9970   0.9886   0.9756   0.9589   0.9392
aC          0.9800   0.9604   0.9412   0.9224   0.9039
xiD         0.9500   0.9025   0.8574   0.8145   0.7738
v           0.9500   0.9025   0.8574   0.8145   0.7738
lCtot       0.7121   0.4694   0.2810   0.1469   0.0600
lDtot       0.7688   0.3991   0.1059  -0.0281  -0.0203
y           0.9953   0.9856   0.9737   0.9605   0.9463
ystar       0.9959   0.9866   0.9739   0.9591   0.9430
yC          0.9968   0.9886   0.9764   0.9616   0.9451
yD          0.7688   0.3991   0.1059  -0.0281  -0.0203
yCstar      0.9960   0.9867   0.9741   0.9593   0.9433
yDstar      0.9621   0.9065   0.8490   0.7934   0.7406
dstar       0.9991   0.9964   0.9922   0.9864   0.9794
deltabB     0.9417   0.8606   0.7568   0.6441   0.5324
Total computing time : 0h00m00s
